# PACS Encircled Energy Fractions corresponding to PICC-ME-TN-033 V2.1
# This version only applicable to slow (20arcsec/sec) parallel mode
# Filter red
# Radius [arcsec], EEF (normal), EEF (pixfrac 0.1), Vesta (normal) Vesta (pixfrac 0.1)
1.04179318591 0.0167262165202 0.0191206609133 0.0187644651245 0.021451832569
1.08533304222 0.0181356804254 0.0207298650206 0.0203456771446 0.0232572199001
1.13069256783 0.0196644743423 0.0224752144131 0.0220607595023 0.0252153499297
1.17794781253 0.0213227518821 0.0243682905149 0.0239211030095 0.0273392159531
1.22717800445 0.023121531172 0.0264216606392 0.0259390683323 0.0296429173415
1.27846568294 0.0250727686207 0.0286489621088 0.0281280687456 0.0321417539175
1.33189683692 0.0271894389662 0.031064993541 0.0305026599343 0.0348523283685
1.38756104904 0.0294856221464 0.0336858139102 0.0330786374486 0.0377926573856
1.44555164593 0.0319765975727 0.0365288500535 0.0358731424647 0.0409822922748
1.50596585461 0.0346775702875 0.0396113466031 0.0389032320574 0.0444405792129
1.56890496556 0.0375558602406 0.0428924518315 0.042132219524 0.0481216601423
1.63447450246 0.0406399281208 0.0464036603888 0.0455920377721 0.0520608730898
1.70278439922 0.0439583247322 0.0501750977856 0.0493147200386 0.0562920186395
1.77394918419 0.0475346792426 0.0542337752906 0.0533267749575 0.060845401274
1.84808817224 0.0513928454159 0.0586066832567 0.0576549622798 0.0657513010461
1.92532566481 0.0555579020718 0.0633220161773 0.0623274156419 0.0710413484202
2.00579115826 0.0600566113101 0.0684097547039 0.0673741567581 0.0767491774021
2.08961956105 0.0649177269676 0.0739020413848 0.0728274415168 0.0829108471478
2.17695141985 0.0701725310384 0.0798334119286 0.0787223619185 0.0895651014138
2.26793315527 0.0758555949164 0.0862409403963 0.0850977003321 0.0967535313981
2.36271730726 0.0820033790494 0.0931649478631 0.091994357715 0.104521370974
2.46146279095 0.0886552643162 0.100649086138 0.0994565110308 0.112917590517
2.56433516299 0.0957580026667 0.108603369132 0.107424374765 0.121841172145
2.6715068992 0.103224762934 0.116900192484 0.115800469917 0.131148875697
2.78315768371 0.111177768814 0.125702302665 0.124721944798 0.141023329592
2.89947471022 0.119681028741 0.135082585035 0.134260608371 0.15154630567
3.02065299583 0.128794630066 0.145114367635 0.14448386628 0.162800070061
3.14689570807 0.138580951569 0.155877754567 0.155461693152 0.174874491129
3.27841450545 0.149100051633 0.167438434645 0.167261456341 0.187843255457
3.41542989238 0.160415600273 0.179865741717 0.179954573405 0.201784137314
3.55817158885 0.172477826204 0.193081857083 0.193485139273 0.216609753053
3.70687891557 0.184921462011 0.206605487309 0.207443152857 0.231779881587
3.86180119525 0.198001193923 0.220749107097 0.222114404235 0.247645170985
4.02319817057 0.211851440584 0.235679114355 0.237649698501 0.264392317773
4.19134043968 0.226568210562 0.251503480092 0.254156726883 0.282142439039
4.36650990991 0.242240311702 0.268317353835 0.271735093659 0.301002256547
4.54900027037 0.258866085176 0.286122120488 0.290382863452 0.320973251009
4.73911748439 0.275672893698 0.303998472285 0.309232798919 0.341023571744
4.93718030248 0.293042347614 0.322359410139 0.328713107782 0.361616657193
5.14352079676 0.311190672455 0.341435257422 0.349066373291 0.383010913097
5.35848491767 0.330273483257 0.361387214628 0.370467145415 0.405387158178
5.58243307405 0.350160191354 0.382046886577 0.392768749135 0.428556285861
5.81574073736 0.369779315427 0.402172153979 0.414768503723 0.451124102547
6.05879907123 0.389764742004 0.422497724752 0.43717771128 0.473915065655
6.31201558723 0.410389779089 0.443336582731 0.460302973062 0.497280305993
6.57581482816 0.431604011418 0.464619644918 0.484087552452 0.521142135504
6.85063907981 0.452054399668 0.484769947044 0.507012719843 0.543730505899
7.1369491125 0.472448565148 0.504580825068 0.529872481811 0.565935624257
7.43522495362 0.493177991247 0.524464189375 0.553106016985 0.588219595131
7.74596669241 0.513332002232 0.543420686054 0.575691029165 0.609460595745
8.06969531847 0.532512152127 0.561026480968 0.597180097046 0.629182710785
8.40695359519 0.55155316494 0.5782642381 0.618509808711 0.648488566466
8.75830696976 0.56975023134 0.594398599217 0.63888885948 0.666552572025
9.12434452124 0.586677089648 0.608999212068 0.657838545013 0.682891432129
9.50567994816 0.603173689002 0.622963281475 0.676301247725 0.698511789222
9.90295259747 0.61821629234 0.635430278791 0.693127643366 0.712447493479
10.3168285365 0.63231327076 0.646935609385 0.708887915689 0.72529907015
10.7480016695 0.645616499114 0.657678111612 0.723752108121 0.737289271419
11.1971949015 0.657741409248 0.667425278697 0.737288160549 0.748156700896
11.6651613498 0.669340903687 0.676827578557 0.75022836389 0.758630917056
12.1526856068 0.680083390209 0.685770872353 0.762200035378 0.768583292555
12.6605850557 0.690565796435 0.694761398108 0.773872557225 0.778581425545
13.1897112407 0.700646791032 0.703820646909 0.785086689522 0.78864881733
13.7409512947 0.710740974083 0.713268733821 0.796307080533 0.799144072383
14.3152294268 0.720820882446 0.723143962047 0.807502178416 0.810109450695
14.9135084717 0.731068283157 0.733456725775 0.818875195357 0.821555826802
15.5367915039 0.741499509549 0.74417636899 0.830443604078 0.833447935662
16.1861235197 0.751985061747 0.755050739527 0.842061130394 0.845501846196
16.8625931892 0.762543285908 0.766002218831 0.853747353277 0.857629432876
17.5673346813 0.772976249649 0.776733067445 0.865279028526 0.869495434582
18.3015295657 0.783017882513 0.786887269003 0.876356344549 0.88069909033
19.0664087933 0.792594179175 0.796379805298 0.88689494939 0.891143688024
19.8632547607 0.801535053842 0.805086735012 0.896702546314 0.900688720467
20.6934034598 0.809709286883 0.812929694575 0.905630339651 0.909244714166
21.5582467178 0.817059764165 0.819875553353 0.913612574891 0.916772832117
22.4592345308 0.823603259188 0.825998529654 0.920666283073 0.923354577648
23.3978774951 0.829419279242 0.831447246818 0.926878750409 0.929154808294
24.3757493392 0.834603476614 0.83630051698 0.932355217002 0.934259863877
25.3944895631 0.839277539805 0.84066589 0.937229963923 0.938788157184
26.4558061867 0.843578256644 0.844691431482 0.941654022976 0.942903377452
27.5614786131 0.847654419356 0.848526254671 0.945791686444 0.946770177257
28.7133606129 0.851662813589 0.852345682446 0.949815987296 0.950582394544
29.9133834312 0.855746215625 0.856319249096 0.953883985039 0.954527120248
31.1635590262 0.859988507033 0.860569864025 0.958086367968 0.958738844952
32.4659834423 0.864389356683 0.865067759718 0.962419014758 0.96318040986
33.8228403242 0.86886510545 0.869606898137 0.966783962227 0.967616501719
35.236404578 0.873286411003 0.874070320484 0.971031628081 0.971911436702
36.7090461855 0.877543909734 0.878298602476 0.975034475925 0.975881493593
38.2432341775 0.881550392605 0.882245817643 0.978689425127 0.979469924608
39.8415407734 0.885298998512 0.885933330745 0.981983128328 0.98269506125
41.5066456941 0.888797130888 0.889366222773 0.984917765885 0.985556477316
43.2413406542 0.892075566018 0.89256003772 0.987521227323 0.988064966607
45.0485340433 0.895211313493 0.89559587201 0.989872723784 0.990304327059
46.9312558018 0.898260295658 0.898611782061 0.992027183419 0.992421668719
48.8926625007 0.901243740216 0.901575468446 0.993999926764 0.994372236786
50.9360426344 0.904143206223 0.904398757412 0.995761027188 0.996047841092
53.0648221339 0.906955139316 0.907180799523 0.997296478188 0.997549744413
55.2825701109 0.909633368749 0.909826152738 0.99854358861 0.998759956724
57.5930048413 0.912130931584 0.912240079981 0.999437850452 0.999560351457
60.0 0.914477714718 0.914477714718 1.0 1.0
63.095734448 0.917381591215 0.917381591215
67.6082975392 0.921230107911 0.921230107911
72.4435960075 0.925012192503 0.925012192503
77.6247116629 0.928724610234 0.928724610234
83.1763771103 0.932432919439 0.932432919439
89.1250938134 0.93621708956 0.93621708956
95.4992586021 0.939945014987 0.939945014987
102.329299228 0.943510234194 0.943510234194
109.647819614 0.946767216084 0.946767216084
117.489755494 0.949707338008 0.949707338008
125.892541179 0.952431148148 0.952431148148
134.896288259 0.955030572975 0.955030572975
144.543977075 0.95756208184 0.95756208184
154.881661891 0.96004374027 0.96004374027
165.958690744 0.962420921981 0.962420921981
177.827941004 0.964715505833 0.964715505833
190.546071796 0.966974739291 0.966974739291
204.173794467 0.969187122674 0.969187122674
218.776162395 0.971382174303 0.971382174303
234.422881532 0.973579247763 0.973579247763
251.188643151 0.975735778159 0.975735778159
269.153480393 0.977839300216 0.977839300216
288.403150313 0.979878147524 0.979878147524
309.029543251 0.981787769904 0.981787769904
331.131121483 0.983609932575 0.983609932575
354.813389234 0.985371630891 0.985371630891
380.189396321 0.986964016606 0.986964016606
407.380277804 0.988438949356 0.988438949356
436.51583224 0.989856139983 0.989856139983
467.735141287 0.991227850317 0.991227850317
501.187233627 0.992496874134 0.992496874134
537.03179637 0.993685555174 0.993685555174
575.439937337 0.994736660027 0.994736660027
616.595001861 0.995698327763 0.995698327763
660.693448008 0.996479558808 0.996479558808
707.945784384 0.997169312645 0.997169312645
758.577575029 0.997895745759 0.997895745759
812.830516164 0.998478471479 0.998478471479
870.963589956 0.998992480961 0.998992480961
933.254300797 0.999560794775 0.999560794775
1000.0 1.0 1.0
