# PACS Encircled Energy Fractions corresponding to PICC-ME-TN-033 V2.0
# Filter Green
# Radius [arcsec], EEF (normal), EEF (pixfrac 0.1), Vesta (normal) Vesta (pixfrac 0.1)
1.04179318591 0.0415384377407 0.0446112309525 0.0458406470431 0.0492322510296
1.08533304222 0.0449692810572 0.0482891520084 0.0496268082669 0.0532911249901
1.13069256783 0.0486870143872 0.0522750365531 0.053729570389 0.0576898597554
1.17794781253 0.0527159373054 0.0565949821029 0.0581757494605 0.0624572558595
1.22717800445 0.0570824109778 0.0612773011677 0.0629944366208 0.0676245582431
1.27846568294 0.0618150340419 0.0663527102223 0.0682171921918 0.0732256647971
1.33189683692 0.0669448334273 0.0718545347332 0.0738782562605 0.0792973526247
1.38756104904 0.0725054713972 0.07781893162 0.0800147771605 0.0858795235433
1.44555164593 0.0785334702051 0.0842851306471 0.0866670593945 0.0930154704783
1.50596585461 0.085060234433 0.091286076988 0.093869758221 0.100741549121
1.56890496556 0.0918260203751 0.098513739995 0.101336172521 0.108717761505
1.63447450246 0.0989330653417 0.106085029614 0.109179138013 0.117073138313
1.70278439922 0.106480060584 0.114113827259 0.117507575676 0.125933366708
1.77394918419 0.114525676766 0.122663498639 0.126386232822 0.13536837617
1.84808817224 0.123123102523 0.131790718754 0.135873805056 0.145440710388
1.92532566481 0.132325385839 0.141551655714 0.146028831756 0.15621235259
2.00579115826 0.142187464303 0.152004260992 0.156911936892 0.167747253325
2.08961956105 0.152767278051 0.163209509078 0.168587057348 0.180112698658
2.17695141985 0.164129829835 0.175235425191 0.181125924136 0.193383755655
2.26793315527 0.176353932909 0.188163685242 0.194615510284 0.207650557009
2.36271730726 0.189513288023 0.202071364201 0.209137144404 0.222998155637
2.46146279095 0.203686222165 0.217040409983 0.224777259727 0.23951698138
2.56433516299 0.218450931858 0.232606016721 0.241070267361 0.256693981337
2.6715068992 0.233212288767 0.24807919139 0.257359268736 0.273768653529
2.78315768371 0.248455564103 0.263973238969 0.274179857211 0.291307533664
2.89947471022 0.264337406184 0.280457328355 0.291704905496 0.309497314074
3.02065299583 0.281000321526 0.297691361465 0.31009167483 0.32851445622
3.14689570807 0.298597699912 0.31585257938 0.329509436269 0.348554557095
3.27841450545 0.317222274829 0.335034817263 0.350060508468 0.369721151332
3.41542989238 0.33696707534 0.355331184199 0.371847533239 0.392116969066
3.55817158885 0.357419373486 0.376275204707 0.394414918333 0.415227094074
3.70687891557 0.376864361518 0.395983377764 0.415869893701 0.43697256064
3.86180119525 0.396213335531 0.415458772554 0.437218254713 0.458460458934
4.02319817057 0.415888210736 0.435167698125 0.458925636952 0.480205424358
4.19134043968 0.43606361279 0.455293755774 0.481184724825 0.502410048207
4.36650990991 0.456849367505 0.47594461238 0.504116674678 0.5251931039
4.54900027037 0.478173101659 0.497032034659 0.527641534701 0.54845713404
4.73911748439 0.497447919565 0.51578420647 0.548903936026 0.569142663295
4.93718030248 0.515781248666 0.533389679019 0.56912612268 0.58856147627
5.14352079676 0.533747316874 0.55044524967 0.588941811233 0.607372200633
5.35848491767 0.551731354119 0.567370572884 0.608776103614 0.62603793448
5.58243307405 0.56943248084 0.583881685335 0.628296798255 0.644245147587
5.81574073736 0.584522373225 0.597601863755 0.644933887449 0.659370411213
6.05879907123 0.598524628193 0.610125932906 0.660368921909 0.673173893999
6.31201558723 0.611995181735 0.622037196534 0.675215383382 0.686299284926
6.57581482816 0.624963747422 0.633399945136 0.689505922718 0.698817399223
6.85063907981 0.636052813858 0.642991465144 0.701719949905 0.709378505408
7.1369491125 0.64628180042 0.651791459945 0.712982480404 0.719063782308
7.43522495362 0.656263504394 0.660418918794 0.723969704786 0.728556254896
7.74596669241 0.665754138333 0.668789641618 0.734412339976 0.737762785103
8.06969531847 0.674768761411 0.677001347933 0.744326788333 0.746791011866
8.40695359519 0.683985194337 0.685601917526 0.754460958381 0.756245421062
8.75830696976 0.693431241429 0.694708066419 0.764845280955 0.766254580061
9.12434452124 0.703201141095 0.704444047387 0.77558349166 0.77695535291
9.50567994816 0.71355729614 0.7149561467 0.786964914101 0.788508899266
9.90295259747 0.724284836172 0.726010317791 0.798752054312 0.800656559411
10.3168285365 0.735459322939 0.73758754064 0.811027955434 0.813376981593
10.7480016695 0.746884996054 0.749397592443 0.823576157467 0.826349442665
11.1971949015 0.758132361983 0.760942012626 0.835922183622 0.839023343273
11.6651613498 0.769270330153 0.772276749708 0.84814163473 0.85145997861
12.1526856068 0.779540104092 0.782569272566 0.859396489857 0.862739942919
12.6605850557 0.789258633349 0.79220066251 0.870036043281 0.873283316086
13.1897112407 0.797754088462 0.800466144516 0.879318175662 0.882311615015
13.7409512947 0.805437019913 0.807866069358 0.887695397535 0.890376467563
14.3152294268 0.811983054305 0.814122161367 0.894808990926 0.897170036249
14.9135084717 0.817718603085 0.819585800936 0.901018484554 0.903079409335
15.5367915039 0.822695793195 0.824342431804 0.90638060096 0.908198082869
16.1861235197 0.827016141697 0.828469686342 0.911006507817 0.91261086173
16.8625931892 0.830943202166 0.832224913193 0.915186145773 0.916600837857
17.5673346813 0.834595255591 0.83571799598 0.919049028771 0.920288256573
18.3015295657 0.83818428321 0.839173925073 0.922828003993 0.92392032393
19.0664087933 0.841922515576 0.842822011925 0.926756097578 0.927748919156
19.8632547607 0.845962701575 0.846845874539 0.931000578171 0.931975382766
20.6934034598 0.850378203189 0.851316793008 0.935640977545 0.936676948648
21.5582467178 0.855100425708 0.856119353964 0.940600019361 0.941724664235
22.4592345308 0.859940856695 0.861033349854 0.945667934232 0.946873776571
23.3978774951 0.864687625197 0.865807923701 0.950609025824 0.95184555839
24.3757493392 0.869194335084 0.870287541221 0.955259708542 0.956466337832
25.3944895631 0.873389640162 0.874454279998 0.959539062651 0.960714161809
26.4558061867 0.877243496734 0.878281148387 0.963411570895 0.96455688177
27.5614786131 0.880722231903 0.881724808302 0.96683750919 0.967944105657
28.7133606129 0.883835917199 0.884777099493 0.969825218247 0.9708640508
29.9133834312 0.886670914038 0.88756515956 0.972467007081 0.973454033043
31.1635590262 0.889330712929 0.890185187677 0.974873833917 0.975816962777
32.4659834423 0.891893150991 0.892703286995 0.977128062961 0.97802225281
33.8228403242 0.894409528957 0.895185424983 0.979282465989 0.980138863368
35.236404578 0.896916613299 0.89766520283 0.981373443882 0.982199701644
36.7090461855 0.899423460397 0.900143630557 0.983406455721 0.984201345523
38.2432341775 0.901913000335 0.902600394191 0.985357736461 0.986116449327
39.8415407734 0.904408375639 0.905058744416 0.98724748547 0.987965331803
41.5066456941 0.906898988687 0.907500204433 0.98905820529 0.989721798829
43.2413406542 0.909334865669 0.909887219799 0.990728441931 0.991338104326
45.0485340433 0.911747439029 0.912269740641 0.992286056583 0.992862548428
46.9312558018 0.914088055363 0.914519191194 0.99366993243 0.994145799793
48.8926625007 0.91643237795 0.916805943739 0.994955534751 0.995367859021
50.9360426344 0.91879768737 0.919128903471 0.996153201975 0.996518782661
53.0648221339 0.921120729815 0.921355945872 0.99718363709 0.997443257462
55.2825701109 0.923529489896 0.923681518763 0.99817781402 0.998345616302
57.5930048413 0.926062707445 0.926140134163 0.99916732449 0.999252784444
60.0 0.928593498908 0.928593498908 1.0 1.0
63.095734448 0.931027063771 0.931027063771
67.6082975392 0.934763553804 0.934763553804
72.4435960075 0.938253125012 0.938253125012
77.6247116629 0.941507508654 0.941507508654
83.1763771103 0.944621953282 0.944621953282
89.1250938134 0.947672748201 0.947672748201
95.4992586021 0.950775633998 0.950775633998
102.329299228 0.953871482171 0.953871482171
109.647819614 0.956851938302 0.956851938302
117.489755494 0.959731306289 0.959731306289
125.892541179 0.96252410557 0.96252410557
134.896288259 0.965224465473 0.965224465473
144.543977075 0.967888056281 0.967888056281
154.881661891 0.970655576055 0.970655576055
165.958690744 0.973416528367 0.973416528367
177.827941004 0.976000856997 0.976000856997
190.546071796 0.97836477806 0.97836477806
204.173794467 0.980530432304 0.980530432304
218.776162395 0.982500969143 0.982500969143
234.422881532 0.984294173068 0.984294173068
251.188643151 0.985966751799 0.985966751799
269.153480393 0.987508524228 0.987508524228
288.403150313 0.98892214481 0.98892214481
309.029543251 0.990244647001 0.990244647001
331.131121483 0.991461940691 0.991461940691
354.813389234 0.992567060926 0.992567060926
380.189396321 0.993595907017 0.993595907017
407.380277804 0.994481762041 0.994481762041
436.51583224 0.995214056508 0.995214056508
467.735141287 0.995828933496 0.995828933496
501.187233627 0.996396083246 0.996396083246
537.03179637 0.996929586322 0.996929586322
575.439937337 0.997465746896 0.997465746896
616.595001861 0.99796004061 0.99796004061
660.693448008 0.998472049131 0.998472049131
707.945784384 0.998922856346 0.998922856346
758.577575029 0.999250190663 0.999250190663
812.830516164 0.999484254887 0.999484254887
870.963589956 0.999720630542 0.999720630542
933.254300797 0.999916588884 0.999916588884
1000.0 1.0 1.0
