# PACS Encircled Energy Fractions corresponding to PICC-ME-TN-033 V2.0
# Filter Red
# Radius [arcsec], EEF (normal), EEF (pixfrac 0.1), Vesta (normal) Vesta (pixfrac 0.1)
1.04179318591 0.0166576048504 0.0190417555351 0.0186874598833 0.0213632743443
1.08533304222 0.0180615101284 0.0206354312235 0.0202624332646 0.0231512335958
1.13069256783 0.0195842850025 0.0223640721914 0.0219707602434 0.0250906111849
1.17794781253 0.0212360442259 0.0242391636554 0.0238237880193 0.0271942924296
1.22717800445 0.0230277637798 0.0262731688066 0.0258338299571 0.0294762598413
1.27846568294 0.0249713543588 0.0284796122572 0.0280142480252 0.031951686744
1.33189683692 0.0270797411155 0.0308731705954 0.0303795422568 0.0346370388673
1.38756104904 0.0293669501992 0.0334697706571 0.0329454478334 0.0375501845987
1.44555164593 0.0318482026727 0.0362866961738 0.0357290404445 0.0407105146321
1.50596585461 0.0345386636537 0.0393411296466 0.0387473323561 0.0441373054122
1.56890496556 0.0374064450486 0.0425954712161 0.0419645257057 0.0477883485649
1.63447450246 0.0404797096023 0.0460801831282 0.0454122190084 0.0516978234146
1.70278439922 0.0437866694403 0.0498242384553 0.04912206539 0.055898237124
1.77394918419 0.0473508561238 0.0538543950643 0.0531204639375 0.0604196097743
1.84808817224 0.0511960409077 0.0581974652464 0.0574340817992 0.0652920215733
1.92532566481 0.0553472215471 0.0628814869374 0.0620909616299 0.0705469272756
2.00579115826 0.0598310769252 0.0679362916041 0.0671210317471 0.0762177934518
2.08961956105 0.0646762735917 0.0733938731742 0.0725564500737 0.0823405124557
2.17695141985 0.0699139514589 0.0792892689532 0.0784321491469 0.0889543910036
2.26793315527 0.0755783920648 0.085661917868 0.0847865860205 0.0961036744641
2.36271730726 0.0817059098199 0.0925525014214 0.0916604977493 0.10383400123
2.46146279095 0.0883357445368 0.100004849831 0.099097902973 0.112194541911
2.56433516299 0.0954152331885 0.107945075354 0.107039672769 0.121102346356
2.6715068992 0.102858339061 0.116267053105 0.11538921978 0.130438281557
2.78315768371 0.110786527502 0.125121580603 0.124282841193 0.140371565212
2.89947471022 0.119263541786 0.134580331556 0.133792048376 0.150982609285
3.02065299583 0.128349252699 0.144707638583 0.143984003915 0.162343584032
3.14689570807 0.138105826837 0.155568399463 0.154928444294 0.174527291237
3.27841450545 0.148593137908 0.167228316359 0.166692529603 0.187607432466
3.41542989238 0.159874665806 0.179756909845 0.179347464014 0.201661991555
3.55817158885 0.171900279417 0.193077667652 0.192836938614 0.216605051111
3.70687891557 0.184305404408 0.206693237535 0.206751730183 0.231878366689
3.86180119525 0.197345271695 0.220908522042 0.221378240119 0.247824087871
4.02319817057 0.211154702739 0.235899215684 0.236867725611 0.264639345078
4.19134043968 0.22582970205 0.251775178143 0.253327873335 0.282447375123
4.36650990991 0.241458830072 0.268630550099 0.270858009899 0.301353767506
4.54900027037 0.258039291424 0.286448041778 0.289454924337 0.321339043702
4.73911748439 0.274798316734 0.304246271312 0.308251231058 0.341301685129
4.93718030248 0.292118236234 0.32249453687 0.32767594574 0.361768314579
5.14352079676 0.310215876466 0.341437264645 0.347972326165 0.383013165872
5.35848491767 0.329246335321 0.361274491626 0.369314341897 0.405260645269
5.58243307405 0.349078338516 0.381877581036 0.39155454842 0.428366268419
5.81574073736 0.368639644149 0.401990174379 0.41348941138 0.450919860572
6.05879907123 0.388565460943 0.422301907266 0.435831716823 0.473695292943
6.31201558723 0.409127129912 0.443111369569 0.458885858384 0.497027541502
6.57581482816 0.43027335107 0.464340565704 0.482594106494 0.520828915287
6.85063907981 0.450650277883 0.484420181623 0.505436825584 0.543337952116
7.1369491125 0.470957519913 0.504154322167 0.528199030368 0.565456945356
7.43522495362 0.491585942009 0.523977687526 0.551319205269 0.587673577342
7.74596669241 0.511626295828 0.542841185451 0.573776656097 0.608810202251
8.06969531847 0.530676290107 0.560309356683 0.595119645845 0.62837785749
8.40695359519 0.54956903741 0.577358643529 0.61628295402 0.647472186476
8.75830696976 0.567604351295 0.593319349808 0.636480464369 0.665341293227
9.12434452124 0.584362903857 0.607764526888 0.655241254563 0.68150570241
9.50567994816 0.600687532703 0.62154349082 0.67351094885 0.69691830925
9.90295259747 0.615564491231 0.633834646783 0.690151435611 0.710656660697
10.3168285365 0.62950804707 0.645156336243 0.705739516486 0.723302130596
10.7480016695 0.642669778388 0.65570557007 0.720444901919 0.73507542008
11.1971949015 0.654669999371 0.665306879693 0.733841011417 0.745779148703
11.6651613498 0.666157673317 0.674601363531 0.746655714766 0.756132359226
12.1526856068 0.676810809883 0.683472261315 0.75852710572 0.766003482187
12.6605850557 0.687217228494 0.692429024858 0.770114344048 0.775963722683
13.1897112407 0.69724408875 0.701486362949 0.781267719509 0.786028970012
13.7409512947 0.707299910036 0.71093634446 0.79244505579 0.796526351438
14.3152294268 0.717362209366 0.72081964151 0.803620390447 0.80750078567
14.9135084717 0.727608610515 0.731154119947 0.814992285545 0.818971532943
15.5367915039 0.738054872097 0.741917848511 0.826577568779 0.83091312031
16.1861235197 0.748568205194 0.752850024015 0.838226274554 0.84303190735
16.8625931892 0.759161611746 0.763848707926 0.849951983846 0.855212473387
17.5673346813 0.769634667041 0.774617915319 0.861528655229 0.867121526472
18.3015295657 0.779721072298 0.784808683822 0.872656220852 0.878366222562
19.0664087933 0.789344816777 0.794334696763 0.883248078011 0.88884839225
19.8632547607 0.798337848111 0.803058746193 0.89311421216 0.89841263874
20.6934034598 0.806572342572 0.810931578134 0.902109638965 0.907002159238
21.5582467178 0.813997165925 0.81795716163 0.910175315363 0.914619754987
22.4592345308 0.820627815569 0.824162105906 0.91732684018 0.921293496001
23.3978774951 0.82654106357 0.82971083042 0.92364842979 0.927205968341
24.3757493392 0.831829003117 0.834654574735 0.929241329799 0.932412566183
25.3944895631 0.836604765045 0.839103404448 0.934230216718 0.937034525812
26.4558061867 0.840997996002 0.843205137683 0.938758107553 0.941235258711
27.5614786131 0.845156622011 0.847100615116 0.94298832242 0.945170132864
28.7133606129 0.849235874379 0.850965774177 0.947092149799 0.949033675947
29.9133834312 0.853376632492 0.854973780658 0.951224520243 0.953017054661
31.1635590262 0.857665445833 0.859237769452 0.955479116341 0.957243789314
32.4659834423 0.862118834921 0.863735232187 0.959870729952 0.961684868298
33.8228403242 0.866673116623 0.868303721753 0.96432381764 0.966153901961
35.236404578 0.871205504375 0.87287361335 0.968696154873 0.970568331052
36.7090461855 0.875597868875 0.87722593404 0.972850367216 0.974677600847
38.2432341775 0.879747615198 0.881280777269 0.976666105927 0.978386826545
39.8415407734 0.883648025254 0.885021373529 0.980130184156 0.981671540244
41.5066456941 0.887324473684 0.888595715424 0.983264951963 0.98469171037
43.2413406542 0.890811715342 0.891970213603 0.986102764162 0.987402986677
45.0485340433 0.894152429664 0.895173593596 0.988684301978 0.989830389445
46.9312558018 0.897385246955 0.898264563038 0.991045086109 0.992031972847
48.8926625007 0.900553627241 0.901348329408 0.993225389193 0.994117310818
50.9360426344 0.903636380388 0.904321062801 0.995192199091 0.995960641753
53.0648221339 0.906587982332 0.907113585787 0.996884405254 0.997474308121
55.2825701109 0.909357990009 0.90977065667 0.998234521562 0.998697671574
57.5930048413 0.911974167342 0.91212614153 0.999261908541 0.999432474408
60.0 0.914477714718 0.914477714718 1.0 1.0
63.095734448 0.917381591215 0.917381591215
67.6082975392 0.921230107911 0.921230107911
72.4435960075 0.925012192503 0.925012192503
77.6247116629 0.928724610234 0.928724610234
83.1763771103 0.932432919439 0.932432919439
89.1250938134 0.93621708956 0.93621708956
95.4992586021 0.939945014987 0.939945014987
102.329299228 0.943510234194 0.943510234194
109.647819614 0.946767216084 0.946767216084
117.489755494 0.949707338008 0.949707338008
125.892541179 0.952431148148 0.952431148148
134.896288259 0.955030572975 0.955030572975
144.543977075 0.95756208184 0.95756208184
154.881661891 0.96004374027 0.96004374027
165.958690744 0.962420921981 0.962420921981
177.827941004 0.964715505833 0.964715505833
190.546071796 0.966974739291 0.966974739291
204.173794467 0.969187122674 0.969187122674
218.776162395 0.971382174303 0.971382174303
234.422881532 0.973579247763 0.973579247763
251.188643151 0.975735778159 0.975735778159
269.153480393 0.977839300216 0.977839300216
288.403150313 0.979878147524 0.979878147524
309.029543251 0.981787769904 0.981787769904
331.131121483 0.983609932575 0.983609932575
354.813389234 0.985371630891 0.985371630891
380.189396321 0.986964016606 0.986964016606
407.380277804 0.988438949356 0.988438949356
436.51583224 0.989856139983 0.989856139983
467.735141287 0.991227850317 0.991227850317
501.187233627 0.992496874134 0.992496874134
537.03179637 0.993685555174 0.993685555174
575.439937337 0.994736660027 0.994736660027
616.595001861 0.995698327763 0.995698327763
660.693448008 0.996479558808 0.996479558808
707.945784384 0.997169312645 0.997169312645
758.577575029 0.997895745759 0.997895745759
812.830516164 0.998478471479 0.998478471479
870.963589956 0.998992480961 0.998992480961
933.254300797 0.999560794775 0.999560794775
1000.0 1.0 1.0
