# PACS Encircled Energy Fractions corresponding to PICC-ME-TN-033 V2.2
# This version only applicable to fast (60arcsec/sec) prime mode
# Filter green
# Radius [arcsec], EEF (normal), EEF (pixfrac 0.1), Vesta (normal) Vesta (pixfrac 0.1)
1.04179318591 0.0297022249991 0.0313218710435 0.0327763945689 0.0345640833596
1.08533304222 0.0321769711968 0.0339315749357 0.0355072609596 0.0374439096781
1.13069256783 0.0348597625075 0.0367610173963 0.0384677029722 0.0405662183019
1.17794781253 0.037768255202 0.0398288580099 0.0416772040926 0.0439516001277
1.22717800445 0.0409216058334 0.0431553426199 0.0451569033488 0.0476223964906
1.27846568294 0.0443405992391 0.046762438669 0.0489297365596 0.0516028485131
1.33189683692 0.0480477874285 0.050673982052 0.0530205895952 0.0559192591575
1.38756104904 0.0520676402897 0.0549158364706 0.0574564646798 0.0606001690737
1.44555164593 0.0564267091279 0.0595160663599 0.0622666608545 0.065676547424
1.50596585461 0.061149404033 0.0645001179523 0.0674781131879 0.0711764729222
1.56890496556 0.0661049617878 0.0697166783774 0.0729464831307 0.0769329252827
1.63447450246 0.071356739878 0.0752331896865 0.0787416926884 0.0830203348611
1.70278439922 0.0769666936188 0.0811136394071 0.0849321154492 0.089509318306
1.77394918419 0.0829767759062 0.0874025599767 0.0915640464427 0.0964490178229
1.84808817224 0.0894268754336 0.0941416771377 0.0986815014255 0.103885476816
1.92532566481 0.0963577571761 0.101373262544 0.106329462371 0.111865340261
2.00579115826 0.103812240227 0.109141496358 0.114555177427 0.120437358587
2.08961956105 0.11183588711 0.117493243389 0.123408921652 0.129653244256
2.17695141985 0.120479205379 0.126481716288 0.132946426943 0.139571714922
2.26793315527 0.129801234292 0.136172721542 0.143232840728 0.150265387362
2.36271730726 0.139859951625 0.146626727395 0.154332137342 0.16180098477
2.46146279095 0.15071741324 0.157907964416 0.166312790714 0.174249381417
2.56433516299 0.162142931452 0.169768950115 0.178920156537 0.18733739568
2.6715068992 0.173805999858 0.181851810785 0.191789413429 0.20066999944
2.78315768371 0.186012720602 0.194478577084 0.205258396393 0.214602608847
2.89947471022 0.198877422088 0.207768753191 0.219453267421 0.229267098661
3.02065299583 0.212506362283 0.221829517121 0.234491278315 0.244781736193
3.14689570807 0.227013041411 0.236773082231 0.250497671919 0.261270343906
3.27841450545 0.242480190032 0.25268325654 0.267563726131 0.278825388944
3.41542989238 0.258993125181 0.269646157034 0.285783570592 0.297541883895
3.55817158885 0.276324876206 0.287405015368 0.30490664319 0.317136377364
3.70687891557 0.29343062815 0.304825183543 0.323779680272 0.336356452228
3.86180119525 0.310907538244 0.322564079548 0.343061745567 0.355927685196
4.02319817057 0.329043931677 0.340950412901 0.363071024305 0.376212835811
4.19134043968 0.34798571502 0.360141762357 0.38396850212 0.397385772911
4.36650990991 0.367844141721 0.380249019871 0.40587691112 0.419568829608
4.54900027037 0.388593255897 0.401196438292 0.428767532757 0.442678330103
4.73911748439 0.408508534628 0.421053539991 0.450736844484 0.464583428771
4.93718030248 0.428363630218 0.440696561875 0.472638685099 0.486251192446
5.14352079676 0.448575288978 0.460592522741 0.494932950421 0.508197005347
5.35848491767 0.469436337865 0.481040904373 0.51794275234 0.530751324644
5.58243307405 0.490695859015 0.501783835717 0.541391034651 0.553629419532
5.81574073736 0.510422284562 0.520914606916 0.563145710117 0.574726639867
6.05879907123 0.529807501564 0.539609559552 0.584522203776 0.595341252328
6.31201558723 0.549313619735 0.558417438493 0.606030436362 0.616078801437
6.57581482816 0.568908967375 0.577363238706 0.627635304564 0.636966729874
6.85063907981 0.586903136787 0.594689280203 0.647470858216 0.656064835496
7.1369491125 0.604293927642 0.61139783973 0.666638249966 0.674479212535
7.43522495362 0.621655112233 0.628002068456 0.685770596441 0.692776066885
7.74596669241 0.638280723073 0.643831137391 0.704088482073 0.710214767191
8.06969531847 0.653880323492 0.658671286508 0.72127111734 0.726559155989
8.40695359519 0.669323685413 0.673454759393 0.73827827745 0.742837961754
8.75830696976 0.684239510787 0.687900020123 0.754699882895 0.758740180176
9.12434452124 0.698413243595 0.701703153728 0.770298836583 0.773930083971
9.50567994816 0.712425912103 0.715391856987 0.785716145848 0.788989815697
9.90295259747 0.725771756388 0.728526876663 0.800393246604 0.80343421821
10.3168285365 0.738675369567 0.74125097308 0.814577675774 0.817420505259
10.7480016695 0.751194990936 0.753615853518 0.828333326211 0.831005359966
11.1971949015 0.763008108418 0.76531594111 0.841303802204 0.843851078906
11.6651613498 0.774362904261 0.776555827567 0.853762577454 0.856183022604
12.1526856068 0.784797159449 0.786858420589 0.865198979214 0.867474101884
12.6605850557 0.794628230929 0.796523389982 0.875962751427 0.878054538461
13.1897112407 0.803413331359 0.805103458678 0.885564580627 0.887430063319
13.7409512947 0.81148054721 0.812990668266 0.894365957466 0.896032757748
14.3152294268 0.818559641529 0.819878625896 0.902067917222 0.903523749856
14.9135084717 0.824841541032 0.825945840487 0.908880446968 0.910099320538
15.5367915039 0.830322504674 0.831237269322 0.914798604801 0.915808278805
16.1861235197 0.835012203531 0.835751113912 0.919832183131 0.920647757503
16.8625931892 0.839169125641 0.839732596182 0.924265531508 0.924887463672
17.5673346813 0.842872491149 0.843280083058 0.928185050358 0.928634931052
18.3015295657 0.846278112264 0.84657380524 0.931761590145 0.932087962083
19.0664087933 0.849588082745 0.849817475277 0.935216988493 0.935470181133
19.8632547607 0.852934410562 0.853096718884 0.938695621203 0.938874769461
20.6934034598 0.856423175611 0.856578092723 0.942313132536 0.942484122726
21.5582467178 0.860097759773 0.860279027363 0.946115840625 0.946315915228
22.4592345308 0.863910397905 0.864122419429 0.950049326295 0.950283345638
23.3978774951 0.867776858508 0.86804327691 0.954018775616 0.954312835662
24.3757493392 0.871614208049 0.871862253771 0.957930650005 0.958204431154
25.3944895631 0.875357647445 0.875614651352 0.961711256121 0.961994924892
26.4558061867 0.878937260968 0.879204562058 0.965281067842 0.965576102158
27.5614786131 0.882302737081 0.882538433173 0.968581996141 0.968842146353
28.7133606129 0.885436204602 0.885673979025 0.971591539883 0.971853984058
29.9133834312 0.888358593349 0.888565566241 0.974329787778 0.974558234678
31.1635590262 0.89110815388 0.891276822251 0.97683568927 0.97702185745
32.4659834423 0.893741105961 0.893931609816 0.979167748358 0.979378017514
33.8228403242 0.896268500549 0.896410016483 0.981334311013 0.981490509616
35.236404578 0.898722385354 0.898876534761 0.983366569771 0.983536712605
36.7090461855 0.901187158524 0.901306408336 0.985353142396 0.985484764705
38.2432341775 0.90366241869 0.903809510656 0.987288661798 0.987451014961
39.8415407734 0.906068577091 0.906201409207 0.989079937404 0.989226551219
41.5066456941 0.908450479754 0.908561472893 0.990770667836 0.99089317682
43.2413406542 0.910815007016 0.910953616888 0.992362152026 0.992515143055
45.0485340433 0.913048422304 0.9131584596 0.993722020462 0.993843474431
46.9312558018 0.915224343593 0.915291354132 0.994924113699 0.994998076766
48.8926625007 0.917511324064 0.917626486289 0.996146424501 0.996273535126
50.9360426344 0.919724160308 0.919774024891 0.997175799037 0.997230837208
53.0648221339 0.921899507457 0.921972143235 0.998043215061 0.998123387002
55.2825701109 0.924037462736 0.924069020946 0.998738490444 0.998773322906
57.5930048413 0.926307397509 0.926339036565 0.999437401823 0.999472323519
60.0 0.928593498908 0.928593498908 1.0 1.0
63.095734448 0.931027063771 0.931027063771
67.6082975392 0.934763553804 0.934763553804
72.4435960075 0.938253125012 0.938253125012
77.6247116629 0.941507508654 0.941507508654
83.1763771103 0.944621953282 0.944621953282
89.1250938134 0.947672748201 0.947672748201
95.4992586021 0.950775633998 0.950775633998
102.329299228 0.953871482171 0.953871482171
109.647819614 0.956851938302 0.956851938302
117.489755494 0.959731306289 0.959731306289
125.892541179 0.96252410557 0.96252410557
134.896288259 0.965224465473 0.965224465473
144.543977075 0.967888056281 0.967888056281
154.881661891 0.970655576055 0.970655576055
165.958690744 0.973416528367 0.973416528367
177.827941004 0.976000856997 0.976000856997
190.546071796 0.97836477806 0.97836477806
204.173794467 0.980530432304 0.980530432304
218.776162395 0.982500969143 0.982500969143
234.422881532 0.984294173068 0.984294173068
251.188643151 0.985966751799 0.985966751799
269.153480393 0.987508524228 0.987508524228
288.403150313 0.98892214481 0.98892214481
309.029543251 0.990244647001 0.990244647001
331.131121483 0.991461940691 0.991461940691
354.813389234 0.992567060926 0.992567060926
380.189396321 0.993595907017 0.993595907017
407.380277804 0.994481762041 0.994481762041
436.51583224 0.995214056508 0.995214056508
467.735141287 0.995828933496 0.995828933496
501.187233627 0.996396083246 0.996396083246
537.03179637 0.996929586322 0.996929586322
575.439937337 0.997465746896 0.997465746896
616.595001861 0.99796004061 0.99796004061
660.693448008 0.998472049131 0.998472049131
707.945784384 0.998922856346 0.998922856346
758.577575029 0.999250190663 0.999250190663
812.830516164 0.999484254887 0.999484254887
870.963589956 0.999720630542 0.999720630542
933.254300797 0.999916588884 0.999916588884
1000.0 1.0 1.0
