# PACS Encircled Energy Fractions corresponding to PICC-ME-TN-033 V2.0
# Filter Blue
# Radius [arcsec], EEF (normal), EEF (pixfrac 0.1), Vesta (normal) Vesta (pixfrac 0.1)
1.04179318591 0.0589363982097 0.0660796180964 0.0646859908471 0.0725270664637
1.08533304222 0.0637139604853 0.0714024085108 0.0699295974819 0.0783691672135
1.13069256783 0.0688863914079 0.0771627825759 0.0756065897604 0.0846915416462
1.17794781253 0.0744869900942 0.0833975665808 0.0817535148624 0.0915346087006
1.22717800445 0.0805518710714 0.0901466954471 0.0884100099951 0.098942199211
1.27846568294 0.0871202044351 0.0974534778802 0.0956190659765 0.106961846926
1.33189683692 0.0942344763522 0.105364883958 0.103427313147 0.115645104152
1.38756104904 0.101940771652 0.113931857072 0.111885331525 0.125047884126
1.44555164593 0.110289080427 0.123209652356 0.121047987314 0.135230832461
1.50596585461 0.119316136865 0.133236349599 0.130955595124 0.146235740826
1.56890496556 0.128436593181 0.14327222145 0.140965612686 0.157250605297
1.63447450246 0.137837014468 0.153543969705 0.151282821741 0.168524265471
1.70278439922 0.14769720242 0.164271478938 0.16210457905 0.180298076874
1.77394918419 0.15810019396 0.175547607522 0.173522022272 0.192673958125
1.84808817224 0.16911422886 0.187446075612 0.185610045327 0.20573281893
1.92532566481 0.180803740655 0.200035071663 0.198439362981 0.219549495812
2.00579115826 0.193233234956 0.213381940619 0.212080767956 0.234197898212
2.08961956105 0.206469254285 0.227555516621 0.22660728762 0.249753568999
2.17695141985 0.220592714297 0.242642205921 0.242107725291 0.26631133849
2.26793315527 0.235720468695 0.258774273163 0.258710331812 0.284016374039
2.36271730726 0.251940315022 0.276043889446 0.276511461623 0.302969830914
2.46146279095 0.269342680735 0.294544780888 0.295610354254 0.323274569569
2.56433516299 0.28709930891 0.313270189164 0.315097812238 0.343825452473
2.6715068992 0.304099058439 0.330885292691 0.33375411554 0.363157226684
2.78315768371 0.321175199765 0.348372772535 0.352493912419 0.382348547732
2.89947471022 0.338537298634 0.365962206474 0.371547211282 0.401651391128
3.02065299583 0.356403497352 0.38390437565 0.39115343235 0.421341004576
3.14689570807 0.375033425783 0.40250668032 0.411597533669 0.441754783435
3.27841450545 0.394513899144 0.421850671847 0.432974772437 0.462982206799
3.41542989238 0.414926027263 0.442009416201 0.455374139715 0.485103436025
3.55817158885 0.435618762976 0.46224011726 0.478080937958 0.507303061211
3.70687891557 0.454185635843 0.479904329848 0.498453546587 0.526684824309
3.86180119525 0.471933759766 0.496462325693 0.517926723095 0.544851603366
4.02319817057 0.489514524925 0.512658575746 0.537215435763 0.562620540945
4.19134043968 0.507143497778 0.528724028858 0.556556246352 0.58024508398
4.36650990991 0.524918922468 0.54474935466 0.576056927031 0.597824690139
4.54900027037 0.542908779001 0.560856799111 0.595792023208 0.615493472286
4.73911748439 0.558559254738 0.574586146453 0.612958145563 0.630550781914
4.93718030248 0.573073092798 0.587146102821 0.628875449617 0.644323320114
5.14352079676 0.587112362635 0.599212172867 0.64427058857 0.657552487836
5.35848491767 0.601130459886 0.611244002949 0.659641147172 0.670742731215
5.58243307405 0.615057528418 0.623267624885 0.674910330421 0.683922510955
5.81574073736 0.627420851793 0.634220474636 0.688461421038 0.695925331952
6.05879907123 0.639403634493 0.645073111492 0.701593081854 0.707816437506
6.31201558723 0.651431361161 0.656180547149 0.714772219057 0.719985376014
6.57581482816 0.663590837041 0.667633880781 0.728093959729 0.732531987984
6.85063907981 0.675195814233 0.678946673523 0.740804840983 0.744922139874
7.1369491125 0.686814081225 0.690540813914 0.75352793451 0.757618749756
7.43522495362 0.698731034084 0.702580273831 0.76657631536 0.770801605972
7.74596669241 0.710449934854 0.714489459356 0.779404496802 0.783838662007
8.06969531847 0.721778259444 0.726021967083 0.791800907315 0.796459203297
8.40695359519 0.733170860485 0.737585211133 0.804264577091 0.809110187023
8.75830696976 0.744035474813 0.748478499228 0.816145100595 0.821022185573
9.12434452124 0.754019312774 0.758302286494 0.827054917123 0.831756315279
9.50567994816 0.763747335118 0.767774536131 0.837679711493 0.842100349268
9.90295259747 0.772245158335 0.775877773866 0.846949548302 0.850937051629
10.3168285365 0.779985809374 0.783166887142 0.85538327645 0.858875129104
10.7480016695 0.787084505682 0.78980468048 0.863106945884 0.866092867726
11.1971949015 0.7932168174 0.79551820431 0.869763971821 0.872290192359
11.6651613498 0.798935365448 0.800861638308 0.875960464355 0.878074924135
12.1526856068 0.80403307527 0.805661265086 0.881468577191 0.883255832752
12.6605850557 0.808913642374 0.810271019688 0.886730856967 0.888220843042
13.1897112407 0.813585330147 0.814741729802 0.891755736356 0.893025110292
13.7409512947 0.818274126439 0.819277338994 0.896790588612 0.897891809858
14.3152294268 0.823070627611 0.824015322466 0.901934109356 0.902971096025
14.9135084717 0.828057458756 0.829009467666 0.907276180064 0.908321195332
15.5367915039 0.833251752762 0.834266794838 0.912834722151 0.9139489286
16.1861235197 0.838560815546 0.839666699086 0.918507024987 0.919720947644
16.8625931892 0.843887896975 0.845084489282 0.924185843656 0.925499336857
17.5673346813 0.849064788269 0.850314375988 0.929685404459 0.931057070452
18.3015295657 0.853884463908 0.855134892301 0.934777228191 0.936149816987
19.0664087933 0.858290061444 0.859504395889 0.939397564053 0.940730532708
19.8632547607 0.862232591118 0.863359073855 0.94349118929 0.944727723578
20.6934034598 0.865747280004 0.866761835912 0.94709520206 0.948208874846
21.5582467178 0.8689544879 0.869868222376 0.950340016265 0.951343017885
22.4592345308 0.871998114806 0.872863633162 0.953381740319 0.954331815353
23.3978774951 0.874982363276 0.875820975086 0.9563327491 0.957253288957
24.3757493392 0.877942253703 0.878765656091 0.959229305258 0.960133149812
25.3944895631 0.880879332236 0.881691336661 0.962070740997 0.962962074066
26.4558061867 0.883783954938 0.884581345018 0.964843903404 0.965719194381
27.5614786131 0.886628850648 0.887420924091 0.967516071221 0.968385526153
28.7133606129 0.889378342996 0.890143905599 0.970045059111 0.970885413231
29.9133834312 0.892028065187 0.89276130552 0.972422792086 0.973227666217
31.1635590262 0.894601784904 0.895305394062 0.974671798202 0.975444146345
32.4659834423 0.897144828158 0.897815331305 0.976837966057 0.977573973902
33.8228403242 0.899681346228 0.900331666856 0.978943610997 0.979657464595
35.236404578 0.902203542795 0.902831304445 0.980975621651 0.981664712376
36.7090461855 0.904706767129 0.905301285547 0.982923950988 0.983576550788
38.2432341775 0.907198294114 0.907756326977 0.984791220953 0.985403770748
39.8415407734 0.909702589796 0.91023065719 0.986598466441 0.987178123295
41.5066456941 0.912228160708 0.912725694602 0.988348706919 0.988894847308
43.2413406542 0.914753503396 0.915206816343 0.990011480903 0.990509080186
45.0485340433 0.917282885437 0.917695131168 0.991584030485 0.992036550498
46.9312558018 0.91979973053 0.920169559746 0.993040082459 0.993446042082
48.8926625007 0.922308114738 0.922616003083 0.994375344334 0.994713311781
50.9360426344 0.924886286825 0.925153069896 0.995666194513 0.995959040915
53.0648221339 0.927524937039 0.927725537519 0.996892086944 0.997112285056
55.2825701109 0.930232027469 0.930374236666 0.99805055356 0.998206655861
57.5930048413 0.932981529337 0.933061364905 0.999100858286 0.999188493377
60.0 0.935746296049 0.935746296049 1.0 1.0
63.095734448 0.938413943333 0.938413943333
67.6082975392 0.94245834411 0.94245834411
72.4435960075 0.946446776015 0.946446776015
77.6247116629 0.950310833367 0.950310833367
83.1763771103 0.953759928368 0.953759928368
89.1250938134 0.95698357966 0.95698357966
95.4992586021 0.960081906288 0.960081906288
102.329299228 0.963154585702 0.963154585702
109.647819614 0.966408337887 0.966408337887
117.489755494 0.969746370029 0.969746370029
125.892541179 0.972912129752 0.972912129752
134.896288259 0.975825756821 0.975825756821
144.543977075 0.978420817396 0.978420817396
154.881661891 0.980693473398 0.980693473398
165.958690744 0.982719088527 0.982719088527
177.827941004 0.984538136868 0.984538136868
190.546071796 0.986163340728 0.986163340728
204.173794467 0.987634978856 0.987634978856
218.776162395 0.988981501276 0.988981501276
234.422881532 0.990222031256 0.990222031256
251.188643151 0.991349063112 0.991349063112
269.153480393 0.99236840552 0.99236840552
288.403150313 0.993278821397 0.993278821397
309.029543251 0.994080956629 0.994080956629
331.131121483 0.994783083367 0.994783083367
354.813389234 0.99540260857 0.99540260857
380.189396321 0.99598665734 0.99598665734
407.380277804 0.99651962274 0.99651962274
436.51583224 0.997012057741 0.997012057741
467.735141287 0.997418424215 0.997418424215
501.187233627 0.997814325787 0.997814325787
537.03179637 0.998237691858 0.998237691858
575.439937337 0.998664223647 0.998664223647
616.595001861 0.99906949812 0.99906949812
660.693448008 0.999448573515 0.999448573515
707.945784384 0.999711106017 0.999711106017
758.577575029 0.999921905733 0.999921905733
812.830516164 1.0 1.0
870.963589956 0.999973009221 0.999973009221
933.254300797 0.99995069259 0.99995069259
1000.0 0.999916019172 0.999916019172
