# PACS Encircled Energy Fractions corresponding to PICC-ME-TN-033 V2.2
# This version only applicable to fast (60arcsec/sec) prime mode
# Filter blue
# Radius [arcsec], EEF (normal), EEF (pixfrac 0.1), Vesta (normal) Vesta (pixfrac 0.1)
1.04179318591 0.0378239597855 0.0408592221585 0.0415109761115 0.0448427679589
1.08533304222 0.0409427491206 0.0442217231287 0.0449337562473 0.0485330690993
1.13069256783 0.0443221449329 0.0478657468879 0.0486425431358 0.0525323367198
1.17794781253 0.0479842146098 0.0518151493752 0.0526615549453 0.0568667522729
1.22717800445 0.051952897352 0.0560958112099 0.0570170640903 0.0615647192581
1.27846568294 0.0562541638645 0.0607358104271 0.0617375724852 0.0666570527953
1.33189683692 0.0609161896057 0.0657656098868 0.0668540016797 0.0721771853033
1.38756104904 0.0659695427647 0.0712182606213 0.0723998991566 0.0781613896688
1.44555164593 0.0714473882289 0.0771296224846 0.0784116621782 0.0846490214051
1.50596585461 0.0773779531947 0.0835289824042 0.0849202672752 0.0916722203043
1.56890496556 0.0835146900622 0.0901042758509 0.0916550713919 0.0988884257154
1.63447450246 0.0899541650924 0.0969672972176 0.0987220650177 0.10642034397
1.70278439922 0.0967909654924 0.10422574307 0.106225065408 0.114386182398
1.77394918419 0.104078478359 0.111937920625 0.114222663764 0.12284993299
1.84808817224 0.111864924511 0.120154933348 0.122767779303 0.131867679233
1.92532566481 0.120198355268 0.128926842085 0.131913144116 0.141494359063
2.00579115826 0.1291285082 0.138304936321 0.141713340123 0.151786257928
2.08961956105 0.138707822551 0.148342938984 0.152225913598 0.162802331197
2.17695141985 0.148997243616 0.159106771178 0.163517746497 0.174614922746
2.26793315527 0.160076285925 0.170691854096 0.175676102647 0.187328757061
2.36271730726 0.172013335521 0.183170610967 0.188776028581 0.201023312276
2.46146279095 0.184880397084 0.196618012364 0.202896541245 0.215780860982
2.56433516299 0.198275764914 0.210583296229 0.217596666249 0.231106579877
2.6715068992 0.211649237324 0.224462004083 0.232272423866 0.246336931834
2.78315768371 0.225463293303 0.238764812426 0.247431446489 0.262032455405
2.89947471022 0.239862039625 0.25364373256 0.263231888549 0.278359981782
3.02065299583 0.25499203216 0.269237007663 0.279834590208 0.295471226325
3.14689570807 0.271021090291 0.285693884728 0.297423729617 0.313529980371
3.27841450545 0.288037931285 0.303101586673 0.316096651847 0.332631948649
3.41542989238 0.306131993485 0.321547214563 0.335951490124 0.352872698772
3.55817158885 0.324950200465 0.340603973785 0.356600627847 0.37378369406
3.70687891557 0.343032798666 0.358619456201 0.376441650674 0.393551044236
3.86180119525 0.361208321117 0.37656545896 0.396383980341 0.413241431321
4.02319817057 0.379882468496 0.39497730569 0.41687289303 0.433442417941
4.19134043968 0.399231401626 0.414065270478 0.438101695142 0.454384756451
4.36650990991 0.41937370998 0.433949778745 0.460200491807 0.47620056729
4.54900027037 0.440330652703 0.454669573688 0.483192543189 0.498932302777
4.73911748439 0.460117339745 0.474126602372 0.504898963354 0.520276858664
4.93718030248 0.479636378585 0.493221623693 0.526310450481 0.541222903947
5.14352079676 0.499387301028 0.512462768104 0.547975241032 0.562328113782
5.35848491767 0.519733625664 0.53217591774 0.570292262187 0.583950102007
5.58243307405 0.540481241368 0.552182029586 0.593048324877 0.605892219738
5.81574073736 0.55976996025 0.570781071535 0.614201386413 0.626288226463
6.05879907123 0.57874329961 0.589036048269 0.63500654521 0.646304842311
6.31201558723 0.597836243682 0.607434348934 0.655941135106 0.666476925723
6.57581482816 0.617048183766 0.626040873476 0.677004329351 0.686875558451
6.85063907981 0.63493740195 0.643477659824 0.69661338952 0.705987986527
7.1369491125 0.652247294965 0.660408354145 0.715584151568 0.724542504126
7.43522495362 0.669428718778 0.67711465002 0.734411315025 0.742848122096
7.74596669241 0.685881218694 0.69304978826 0.752435543828 0.760304445656
8.06969531847 0.701258590687 0.7079461541 0.769276572786 0.776617476641
8.40695359519 0.716246475203 0.722526228685 0.785686766682 0.792580019681
8.75830696976 0.730393043035 0.736317650976 0.801169873616 0.807673285186
9.12434452124 0.743419353862 0.748924602117 0.815419396912 0.821462479519
9.50567994816 0.755901915701 0.760953027618 0.829067835074 0.834612414567
9.90295259747 0.767131975348 0.771733965429 0.841336833717 0.846388414486
10.3168285365 0.777452201121 0.781592914394 0.852602147742 0.857147387339
10.7480016695 0.787011367678 0.790753631929 0.863026662674 0.867134526836
11.1971949015 0.795507138716 0.798929493331 0.872278045714 0.876034746718
11.6651613498 0.803395919157 0.806470391731 0.880856791148 0.884231623831
12.1526856068 0.810331998815 0.813105945729 0.888382873069 0.891427820285
12.6605850557 0.816736941495 0.819237268878 0.895318452051 0.89806304852
13.1897112407 0.822416308738 0.824668404828 0.901449455995 0.903921570255
13.7409512947 0.827691344421 0.829748046788 0.907127820205 0.909385451783
14.3152294268 0.832551239718 0.834457968388 0.912340928354 0.914433934578
14.9135084717 0.837170446412 0.83893878981 0.917279459599 0.919220561023
15.5367915039 0.841603455253 0.843311366368 0.922002342887 0.923877108107
16.1861235197 0.845858431741 0.847537132905 0.926517580635 0.928360282242
16.8625931892 0.849993773648 0.851656365518 0.930888232978 0.932713251496
17.5673346813 0.853972707188 0.855611661214 0.935072801737 0.936871873115
18.3015295657 0.857731062657 0.859356861034 0.938999619793 0.940784250284
19.0664087933 0.861274702666 0.862871412913 0.942673789324 0.944426489925
19.8632547607 0.864590340321 0.866130955577 0.946079278426 0.947770403844
20.6934034598 0.867697786956 0.869168681934 0.949236263478 0.950850857307
21.5582467178 0.870640093121 0.872083007074 0.95219029642 0.953774175621
22.4592345308 0.873459169715 0.87484673414 0.954985532754 0.956508655065
23.3978774951 0.876205704201 0.877552705456 0.957675604122 0.95915420045
24.3757493392 0.87893484683 0.880259461086 0.960318869613 0.961772891848
25.3944895631 0.881663947433 0.882969185539 0.962932009052 0.964364762186
26.4558061867 0.884377535643 0.885670151784 0.965495473882 0.966914371951
27.5614786131 0.887068380726 0.888332774112 0.96799854112 0.969386459217
28.7133606129 0.889730121972 0.890957797097 0.970431205078 0.971778817729
29.9133834312 0.892359260555 0.893560858594 0.972786343533 0.974105331502
31.1635590262 0.894960689452 0.896125317718 0.975065765873 0.976344172312
32.4659834423 0.897545990699 0.898669243869 0.977278320108 0.978511309318
33.8228403242 0.900095719675 0.901183261959 0.979398466592 0.980592256146
35.236404578 0.902613901216 0.903651096005 0.981426069973 0.982564593341
36.7090461855 0.905130804044 0.906115277839 0.983389414122 0.984470065928
38.2432341775 0.907664994785 0.908621211722 0.985303515872 0.98635315027
39.8415407734 0.910180502993 0.91107499665 0.987123069292 0.988104950364
41.5066456941 0.912691956265 0.913538988935 0.988857812909 0.989787596301
43.2413406542 0.915225794414 0.916016275329 0.990529912317 0.991397619139
45.0485340433 0.917726373685 0.918446784053 0.992070845248 0.992861635992
46.9312558018 0.920189273642 0.920816965932 0.993467681924 0.994156696512
48.8926625007 0.922657730553 0.923202295209 0.994759115809 0.995356881623
50.9360426344 0.925142236555 0.925586732116 0.995947149212 0.996435069696
53.0648221339 0.927693724465 0.928048245351 0.99707736403 0.997466519778
55.2825701109 0.930325322904 0.930568314803 0.998152963478 0.998419694431
57.5930048413 0.933015396139 0.933139527669 0.9991380337 0.999274292241
60.0 0.935746296049 0.935746296049 1.0 1.0
63.095734448 0.938413943333 0.938413943333
67.6082975392 0.94245834411 0.94245834411
72.4435960075 0.946446776015 0.946446776015
77.6247116629 0.950310833367 0.950310833367
83.1763771103 0.953759928368 0.953759928368
89.1250938134 0.95698357966 0.95698357966
95.4992586021 0.960081906288 0.960081906288
102.329299228 0.963154585702 0.963154585702
109.647819614 0.966408337887 0.966408337887
117.489755494 0.969746370029 0.969746370029
125.892541179 0.972912129752 0.972912129752
134.896288259 0.975825756821 0.975825756821
144.543977075 0.978420817396 0.978420817396
154.881661891 0.980693473398 0.980693473398
165.958690744 0.982719088527 0.982719088527
177.827941004 0.984538136868 0.984538136868
190.546071796 0.986163340728 0.986163340728
204.173794467 0.987634978856 0.987634978856
218.776162395 0.988981501276 0.988981501276
234.422881532 0.990222031256 0.990222031256
251.188643151 0.991349063112 0.991349063112
269.153480393 0.99236840552 0.99236840552
288.403150313 0.993278821397 0.993278821397
309.029543251 0.994080956629 0.994080956629
331.131121483 0.994783083367 0.994783083367
354.813389234 0.99540260857 0.99540260857
380.189396321 0.99598665734 0.99598665734
407.380277804 0.99651962274 0.99651962274
436.51583224 0.997012057741 0.997012057741
467.735141287 0.997418424215 0.997418424215
501.187233627 0.997814325787 0.997814325787
537.03179637 0.998237691858 0.998237691858
575.439937337 0.998664223647 0.998664223647
616.595001861 0.99906949812 0.99906949812
660.693448008 0.999448573515 0.999448573515
707.945784384 0.999711106017 0.999711106017
758.577575029 0.999921905733 0.999921905733
812.830516164 1.0 1.0
870.963589956 0.999973009221 0.999973009221
933.254300797 0.99995069259 0.99995069259
1000.0 0.999916019172 0.999916019172
